        484
 -121654770
-2058003011
 -807490289
  632091964
 1170451546
 1361466145
  578014543
 1652352853
-1060059424
 -492176790
 -832070126
  688911881
 -961230877
  914057436
  989644446
-1621012041
-1093840909
 -877523724
-1893762883
 1035161558
 1764867394
-1141075430
-1702448033
 -686803057
 1379382339
  828091211
 1151249255
   37325077
 1659207807
  -92103452
 1722416526
  289517936
 1445831062
-1169529029
  775443027
  441795453
  189718800
 -277441474
 1784007956
  167236680
   22591646
 1937983089
 1392666176
 -912283380
-1466637156
-1812705636
 -828100363
 1725238514
  695550334
 1754239046
 2082638126
 -331658925
 1457407069
  910401111
  141393745
  205895215
  270063777
  -67260421
  982432744
 -615685406
 1194474546
   28814423
-1052306312
-1728089201
-1404500487
 -364503605
 1539199839
-1254233908
 1695910691
 1731131983
 -791930824
 1153160569
  534219377
 1282945807
 -709222223
 1365685260
 2021143891
 1343293212
  985340583
  219827287
  994181179
 1369855278
  491365908
 1139952441
 -648329853
 -907768202
-1340885137
-1444598171
 1907164198
-2063962750
 -103103702
 1361209874
  449275176
-1812037476
 -667689205
  757892849
 -425073007
  811943697
 -549236340
 1647578565
  438584478
 1386543955
  985912803
 1010804639
 1219745592
   73089625
 -816832057
 -617972860
  867906749
 1285584487
  799072759
 1878120829
-1755844540
  253264337
 1273496723
  438561875
  656204648
  580381723
 -505488310
-1904638019
 -250522977
-1859968175
-1370512000
 1509337491
  203566197
  804254256
 1917571730
 -438601284
  -75330670
  481427821
-1979251707
  772345284
  397486612
-1327982572
 2117910569
 2090467499
-1566830383
 -511602386
 1482022245
  871002247
-2080817004
-1565307400
  480508502
  -27718720
-2108018952
-1378762378
 -813130243
 1094409689
-1842030480
-2104276632
-1693333133
 2094211627
 -820301887
 1230169006
 1341980208
 1557309839
-1286052826
-1716665022
 1478557066
 1017403540
  688655690
 -994507530
 -694620419
 -670483499
 1376164330
 1123301235
  814322246
  928123353
-2114228112
-1236428296
   19574898
  182900159
   74024158
-1802222058
  300089959
 -378247241
-1021065811
-1930168164
 -730933106
  949244800
-1759064031
 1532953914
 -931817587
 1939671158
   22309606
  430883907
   17059976
 -238023366
 -330819096
 1279762385
 -440099470
  371157655
 1723963565
-2056238493
-1975265181
  170740163
-1852819104
-1066407178
 1310919775
 1359243016
 -536305806
 1036324231
   25509757
 1318193351
-1531823309
  310756337
  662828071
 -523447352
-1281198258
  120329940
 1083558053
 1615232490
 1647817569
-1380487302
 -234179032
  868704177
 1493923523
 1589406169
 -794540716
 -353518423
-1250970742
 -522059903
 1349124954
 -801109519
-2006941193
  -62048389
 -142732651
  682323377
-1421076738
 -243160080
 -982494613
 1195136326
-2145269700
  814011719
  293563937
 1689169007
 1719553431
    4638236
  -25955704
 1738303334
-1634758998
 -370860560
  -32842541
-1949060102
  152965847
-1702251630
 1863302816
 1237691291
  202880989
 1630898511
-1818042042
-1851430063
 -298988291
  239870174
-1216711426
  274778017
 1757179324
-1760475492
  425561400
 1176804281
 -344162102
  375427334
 2022497353
-1785392644
  440581974
  503644783
 1744462729
-1389730347
-1764696271
 -967332212
 1529810409
-1717359767
 1208088664
-1785865339
-1726107943
 -365310030
-1298894734
-1615678230
  530013409
-1007403015
 -928914232
-1032236187
-2050500805
 1431833872
 1162110234
 -767088027
  609127928
 -818398727
  515123079
-2058523357
 1984609124
-1162085200
 1045469239
 -287181182
 2004122419
 -879295234
 1384168267
  403685398
 1641912259
 2075882319
 -558594609
   -1310479
 1255949361
 -615486885
  -15513592
 1337226309
-1360993878
 1828796465
-2012124467
 -728846489
  458996259
  447009798
 -587188301
 2071931512
  443445769
 1110831847
-1704394089
 2021918641
-1933414227
-1161998601
-1900791324
 1542017827
 -241599212
   24621239
  159341165
-1885954167
  -67533138
 -217692457
-1941506782
 2019239334
 1815427474
 -865587582
 1746139750
  559819004
  -96261425
-1212820694
 -632044590
 -541365361
-1599766199
-1205454414
  982504033
-1932287372
  770664044
-2107482388
 -157616010
-1704102041
  323498687
 1703675971
  540326382
-1984103263
 1063863970
 2074748964
-1910967024
 -720172344
 1331111483
-1056102049
 1927547877
  977001756
-1133608405
 -519891527
  278242954
-1579254720
  -38671755
 -816477501
-1621028157
 1710144377
 1819727211
  818666510
-1366924430
-1178834835
 -856068314
 -790733203
 1576264367
-1521085389
 1012676309
 1491066213
 1042087432
 1159504835
-1941799092
-1186750151
 1486856877
-2145694770
-1875587310
  491463710
 1767563548
-1543455313
  685151531
  866015752
-2060129530
-2137836158
  439234825
 -493018909
 -513789692
 -621576310
-1676906338
 -145079045
 1986469317
 1643961978
 -414389191
 1943194346
-1461848807
  433724261
-2106551868
  560819318
 1286950445
  880022162
-1678875314
  887968480
 -216570070
  891925872
 2039280740
 1179310138
 1884956712
 -572482557
 1198330677
 1424801297
 1916449885
  297377790
 1716690159
-2110244104
  896287386
 -417384213
 2038654409
 1321755832
 -375059495
 -451450567
-1239061700
  -21851878
  969314295
-1703657039
  809636261
 1393382449
-1485111654
-1395097876
-2128760807
 1168648592
 1568493743
-1041845709
 1803961291
  763553553
 1127710206
 -159332242
-1011675243
   99696704
-1946772564
 1655320003
 1069476671
 -569071346
 1378720152
 1027849709
 -605141739
  869367105
 1276687152
 1322731626
 -687239449
 -237791966
  890340554
 -188674926
  247597907
 1570607183
 1903821863
  -44575293
 1190041036
 1052041032
  632117076
 2045266642
-1158454220
 1263146156
  200640063
 1862184022
-1211084339
 -565815373
  340067449
  811440645
 1846858658
 -767548625
   59451217
 2092314003
  264798709
 -469151584
 1774780237
 -771454735
  680943879
-1242275488
 1844699182
 1471469036
 -451515318
 1690814742
-1505689811
 -942708176
-1582705283
-1650343294
-1918314983
 -790058047
  490016143
 -982149308
 1454506611
-1769227416
 2084187940
-1148004678
-1076429671
 -467806404
  264921622
  462772843
 -887962999
-1047997889
  174991483
 -666378710
  511663976
-1659814285
 -226391454
 -545190265
 -849859411
  991519506
-1025525091
 1016339649
 -508033032
 -883694763
-1083498424
 -170383464
-1258995851
  918254407
 1060200826
  -95908609
-1062397817
  986696004
-1404725216
  812892527
 -935551708
 1002402359
 1402035271
 1399520085
 1429528122
-1825662551
 1769851387
 1047201337
-1698820098
 -792073231
 1214143911
-1156767205
 -293596576
  130168732
-1917060465
-1346404104
 1024297829
 1533932643
 1800332732
 2088504427
 -432061419
 2063556519
 1981363677
 -504032291
  532871673
 -457818972
-1224482987
   14570315
 1582362409
-1358215524
  913914594
  129074994
-1889101276
 1582033894
   13779708
 1415340755
-1927785441
-1788448402
 1715631593
-1520604868
 1616875769
 -446697225
-1325253112
 1033121796
-1902790252
-1205839830
  779595512
 1314027473
  793576787
 -274632630
-1820779282
-1304057182
 -366265291
-1702631186
-1770666414
 2033449175
  701569088
  828566794
 1586066303
 1459887609
 2135691700
-1608622726
 -174579452
 2125785729
  174298981
  671149742
 -206911151
  379627505
 2060596512
 -550041350
 -987503426
 1766590925
 1526828649
 1371359175
 -104758574
 1061309429
  465483077
-1605794636
 -727025731
 -620728000
 -230597369
-2136168259
 -797696638
 1223096571
 -280322070
 1849445170
 -638713360
  220280978
  978404324
-1954230704
-1903229373
 -762401401
 -774315272
-1620542874
 -896492447
  171492546
